4.593
4.570
4.631
4.589
4.575
4.635
4.594
4.581
4.601
4.615
4.563
4.607
4.611
4.599
4.575
4.576
4.604
4.637
4.577
4.615
4.587
4.617
4.593
4.595
4.568
4.561
4.579
4.613
4.585
4.606
4.589
4.623
4.581
4.605
4.594
4.617
4.577
4.589
4.595
4.594
4.594
4.620
4.603
4.584
4.581
4.608
4.606
4.595
0.939
0.950
1.011
1.087
0.873
0.846
0.878
1.074
0.901
1.045
1.026
0.955
0.932
0.842
0.831
1.192
0.917
0.839
0.804
1.135
1.022
1.082
0.969
1.383
1.058
0.974
0.927
0.856
1.006
0.997
1.016
1.077
0.990
1.075
0.893
0.914
1.023
0.909
0.907
0.932
0.950
0.886
0.934
0.921
0.890
0.994
0.894
1.051
-0.032
-0.235
-0.278
0.473
1.101
1.251
1.883
1.309
0.708
0.965
1.137
-0.174
-0.527
-0.348
-0.856
-0.412
0.195
-0.757
-0.053
1.290
1.611
1.449
1.642
-0.802
1.098
-0.139
1.266
-0.617
-1.043
-0.725
0.087
-1.521
-0.179
0.076
-0.671
1.048
-0.690
-0.920
-0.322
-0.548
0.087
1.680
-1.064
-0.411
-0.180
-0.687
-2.186
-0.384
0.794
0.795
0.730
0.571
0.050
0.033
-0.083
0.109
0.555
0.384
0.230
0.755
0.857
0.864
0.874
0.788
0.633
0.811
0.626
0.329
0.133
0.151
0.139
0.900
0.309
0.574
0.362
0.879
1.021
0.898
0.747
1.219
0.728
0.728
0.861
0.387
0.917
0.920
0.755
0.819
0.601
0.055
0.989
0.902
0.729
0.891
1.388
0.739
3.977
4.129
2.367
4.151
2.638
1.331
1.215
2.041
3.985
3.300
4.508
3.707
3.032
2.542
2.979
3.341
2.894
1.557
1.697
3.581
3.823
4.473
3.349
5.842
5.034
3.449
3.941
2.264
4.659
2.923
3.647
3.201
3.407
3.391
2.862
2.881
4.027
3.332
2.973
3.457
2.448
1.998
3.316
3.638
2.287
2.550
1.488
3.961
0.377
0.396
0.658
0.520
0.311
0.186
0.153
0.044
0.260
0.440
0.311
0.332
0.541
0.515
0.339
0.540
0.473
0.166
0.236
0.888
0.339
0.709
0.349
0.563
0.503
0.453
0.381
0.115
0.438
0.453
0.306
0.899
0.233
0.685
0.383
0.484
0.496
0.373
0.352
0.411
0.179
0.312
0.469
0.531
0.383
0.504
0.425
0.265